start=608.650000
panscan=0.100000
