start=1717.350684
speed=1.464100
