start=181.438416
volume=38.000000
