start=977.943000
speed=1.464100
