start=310.867000
speed=1.210000
