start=1926.233333
speed=1.464100
pause=yes
