start=540.833333
speed=1.948717
